-123.652078353 34.4631422394
-112.901188304 27.9167652027
-114.629929055 43.0618607491
-84.461065423 44.9862292279
-99.0171313976 44.9915726287
-117.626249931 45.8299948881
-120.307693412 39.2852858127
-107.769173317 43.367942457
-80.5816825012 26.6648883829
-122.527247086 33.3960719124
-75.084431266 37.2887649757
-111.708077695 26.5599058992
-76.3986174534 49.9343511415
-71.3341319746 36.1057501556
-83.6817951187 26.5893202877
-101.88432285 31.4515658613
-99.0573499948 45.9281207342
-107.556880072 48.7634740288
-119.43718492 31.0437284945
-121.063240876 25.1173777056
-95.4020847524 36.8136753742
-77.3589386311 36.2605555289
-99.434763213 26.5552012843
-111.770995625 32.9720318737
-79.6740392382 30.4084884516
-85.865762392 39.3536985271
-70.772446775 25.9975103658
-115.21294474 41.4863870399
-108.655230766 33.4222854046
-95.8554238114 43.3752266628
-112.344901059 46.9460023634
-115.064239079 41.9123285944
-95.4413272766 34.9985504412
-93.2909540449 34.9689601243
-116.40457363 45.2156017168
-92.2141627228 38.5431901178
-84.8215842041 37.6656871658
-121.58483849 35.051150534
-88.7138256406 29.3544113634
-76.6345531998 44.3546463654
-81.65644028 29.3533735275
-123.298862403 27.2608119635
-77.0560655896 40.6135242481
-67.5262210399 33.7560823775
-90.6268459049 43.3147644633
-78.1609616988 37.0324301284
-118.423935532 31.7786144265
-110.512589495 49.1709738758
-74.9593084184 33.9626282677
-75.7974215341 47.3671840722
-86.0041119894 27.4399908524
-71.0995240607 41.7469904595
-68.8705400381 40.5741623178
-106.450639954 31.3379214336
-91.5608885987 44.8782696626
-90.9777229487 36.7635787431
-117.421495778 45.3606922179
-118.921943549 46.0705705857
-122.410969355 25.1293344933
-69.7414529558 28.4017622369
-92.3809552668 35.0279966796
-78.8933431124 36.2043732493
-118.398791431 33.6424240382
-107.951524619 45.7445266651
-111.94044011 27.3951891114
-74.4458700616 41.705418532
-109.420752257 45.4131458557
-87.0149064808 30.8063635673
-77.187910258 45.8441882563
-108.608472006 48.5262735327
-91.3515736464 42.8683852067
-111.698239164 39.8576739449
-67.408567877 43.0685431768
-100.548671158 43.926373779
-98.0517397635 29.3494620888
-74.2373498763 49.0225865346
-95.735085758 35.1876842461
-100.632042887 39.4907340449
-73.8050993807 46.8027114658
-91.3035842365 42.1149121926
-116.879247003 30.1789613908
-82.1702840671 25.3838618864
-122.899633545 27.73655328
-114.15172545 49.3586581746
-85.2826053186 43.3570076448
-74.7976392574 29.5184990555
-67.5676728578 30.9284725957
-84.9299391909 27.3753234572
-105.757598619 25.3084850871
-69.5002757708 43.8795475154
-79.6866842812 42.3207594209
-102.602883489 38.8648020159
-108.793544137 29.9246750544
-118.118544898 33.1081827877
-66.5373330415 29.448750712
-81.1560549999 32.9792540973
-123.947228907 49.5131863856
-101.34841715 43.2203030915
-79.9459902761 32.0947487733
-96.4899452844 44.3662499843
